8
0 8 3 100 200000000 2
1 9 3 100 200000000 2
2 10 3 100 200000000 2
3 11 3 100 200000000 2
4 12 3 100 200000000 2
5 13 3 100 200000000 2
6 14 3 100 200000000 2
7 15 3 100 200000000 2
0 8 3 100 200000000 2.4
1 9 3 100 200000000 2.4
2 10 3 100 200000000 2.4
3 11 3 100 200000000 2.4
4 12 3 100 200000000 2.4
5 13 3 100 200000000 2.4
6 14 3 100 200000000 2.4
7 15 3 100 200000000 2.4



First line: # of flows
src0 dst0 3 dst_port0 size0 start_time0
src1 dst1 3 dst_port1 size1 start_time1
...

Please order the flows in ascending start_time!
